1	15138.0
2	15138.0
3	15138.0
4	15138.0
5	15138.0
6	15138.0
7	15138.0
8	15138.0
9	15138.0
10	15138.0
11	15138.0
12	15138.0
13	15138.0
14	15138.0
15	15138.0
16	15138.0
17	15138.0
18	15138.0
19	15138.0
20	15138.0
21	15138.0
22	15138.0
23	15138.0
24	15138.0
25	15138.0
26	15138.0
27	15138.0
28	15138.0
29	15138.0
30	15138.0
31	15138.0
32	15138.0
33	15138.0
34	15138.0
35	15138.0
36	15138.0
37	15138.0
38	15138.0
39	15138.0
40	15138.0
41	15138.0
42	15138.0
43	15138.0
44	15138.0
45	15138.0
46	15138.0
47	15138.0
48	15138.0
49	15138.0
50	15138.0
51	15138.0
52	15138.0
53	15138.0
54	15138.0
55	15138.0
56	15138.0
57	15138.0
58	15138.0
59	15138.0
60	15138.0
61	15138.0
62	15138.0
63	15138.0
64	15138.0
65	15138.0
66	15138.0
67	15138.0
68	15138.0
69	15138.0
70	15138.0
71	15138.0
72	15138.0
73	15138.0
74	15138.0
75	15138.0
76	15138.0
77	15138.0
78	15138.0
79	15138.0
80	15138.0
81	15138.0
82	15138.0
83	15138.0
84	15138.0
85	15138.0
86	15138.0
87	15138.0
88	15138.0
89	15138.0
90	15138.0
91	15138.0
92	15138.0
93	15138.0
94	15138.0
95	15138.0
96	15138.0
97	15138.0
98	15138.0
99	15138.0
100	15138.0
101	15138.0
102	15138.0
103	15138.0
104	15138.0
105	15138.0
106	15138.0
107	15138.0
108	15138.0
109	15138.0
110	15138.0
111	15138.0
112	15138.0
113	15138.0
114	15138.0
115	15138.0
116	15138.0
117	15138.0
118	15138.0
119	15138.0
120	15138.0
121	15138.0
122	15138.0
123	15138.0
124	15138.0
125	15138.0
126	15138.0
127	15138.0
128	15138.0
129	15138.0
130	15138.0
131	15138.0
132	15138.0
133	15138.0
134	15138.0
135	15138.0
136	15138.0
137	15138.0
138	15138.0
139	15138.0
140	15138.0
141	15138.0
142	15138.0
143	15138.0
144	15138.0
145	15138.0
146	15138.0
147	15138.0
148	15138.0
149	15138.0
150	15138.0
151	15138.0
152	15138.0
153	15138.0
154	15138.0
155	15138.0
156	15138.0
157	15138.0
158	15138.0
159	15138.0
160	15138.0
161	15138.0
162	15138.0
163	15138.0
164	15138.0
165	15138.0
166	15138.0
167	15138.0
168	15138.0
169	15138.0
170	15138.0
171	15138.0
172	15138.0
173	15138.0
174	15138.0
175	15138.0
176	15138.0
177	15138.0
178	15138.0
179	15138.0
180	15138.0
181	15138.0
182	15138.0
183	15138.0
184	15138.0
185	15138.0
186	15138.0
187	15138.0
188	15138.0
189	15138.0
190	15138.0
191	15138.0
192	15138.0
193	15138.0
194	15138.0
195	15138.0
196	15138.0
197	15138.0
198	15138.0
199	15138.0
200	15138.0
201	15138.0
202	15138.0
203	15138.0
204	15138.0
205	15138.0
206	15138.0
207	15138.0
208	15138.0
209	15138.0
210	15138.0
211	15138.0
212	15138.0
213	15138.0
214	15138.0
215	15138.0
216	15138.0
217	15138.0
218	15138.0
219	15138.0
220	15138.0
221	15138.0
222	15138.0
223	15138.0
224	15138.0
225	15138.0
226	15138.0
227	15138.0
228	15138.0
229	15138.0
230	15138.0
231	15138.0
232	15138.0
233	15138.0
234	15138.0
235	15138.0
236	15138.0
237	15138.0
238	15138.0
239	15138.0
240	15138.0
241	15138.0
242	15138.0
243	15138.0
244	15138.0
245	15138.0
246	15138.0
247	15138.0
248	15138.0
249	15138.0
250	15138.0
251	15138.0
252	15138.0
253	15138.0
254	15138.0
255	15138.0
256	15138.0
257	15138.0
258	15138.0
259	15138.0
260	15138.0
261	15138.0
262	15138.0
263	15138.0
264	15138.0
265	15138.0
266	15138.0
267	15138.0
268	15138.0
269	15138.0
270	15138.0
271	15138.0
272	15138.0
273	15138.0
274	15138.0
275	15138.0
276	15138.0
277	15138.0
278	15138.0
279	15138.0
280	15138.0
281	15138.0
282	15138.0
283	15138.0
284	15138.0
285	15138.0
286	15138.0
287	15138.0
288	15138.0
289	15138.0
290	15138.0
291	15138.0
292	15138.0
293	15138.0
294	15138.0
295	15138.0
296	15138.0
297	15138.0
298	15138.0
299	15138.0
300	15138.0
301	15138.0
302	15138.0
303	15138.0
304	15138.0
305	15138.0
306	15138.0
307	15138.0
308	15138.0
309	15138.0
310	15138.0
311	15138.0
312	15138.0
313	15138.0
314	15138.0
315	15138.0
316	15138.0
317	15138.0
318	15138.0
319	15138.0
320	15138.0
321	15138.0
322	15138.0
323	15138.0
324	15138.0
325	15138.0
326	15138.0
327	15138.0
328	15138.0
329	15138.0
330	15138.0
331	15138.0
332	15138.0
333	15138.0
334	15138.0
335	15138.0
336	15138.0
337	15138.0
338	15138.0
339	15138.0
340	15138.0
341	15138.0
342	15138.0
343	15138.0
344	15138.0
345	15138.0
346	15138.0
347	15138.0
348	15138.0
349	15138.0
350	15138.0
351	15138.0
352	15138.0
353	15138.0
354	15138.0
355	15138.0
356	15138.0
357	15138.0
358	15138.0
359	15138.0
360	15138.0
361	15138.0
362	15138.0
363	15138.0
364	15138.0
365	15138.0
366	15138.0
367	15138.0
368	15138.0
369	15138.0
370	15138.0
371	15138.0
372	15138.0
373	15138.0
374	15138.0
375	15138.0
376	15138.0
377	15138.0
378	15138.0
379	15138.0
380	15138.0
381	15138.0
382	15138.0
383	15138.0
384	15138.0
385	15138.0
386	15138.0
387	15138.0
388	15138.0
389	15138.0
390	15138.0
391	15138.0
392	15138.0
393	15138.0
394	15138.0
395	15138.0
396	15138.0
397	15138.0
398	15138.0
399	15138.0
