0.014884822
-0.31626946
-0.16338147
0.26831177
0.44944605
-0.3139336
0.20344588
-0.26398355
-0.00495931
-0.3731324
-0.41331944
-0.04630225
-0.22542842
-0.15810281
0.35521454
-6.2165403
0.2595252
0.061872832
0.26801386
0.2871035
0.32271433
-0.35003445
0.12472996
-0.1913707
-0.15272824
0.4201064
0.002321061
-0.23961604
0.10581385
0.27787918
0.43279323
7.4621677
0.36919507
0.178273
0.2589765
0.103855066
-0.09662643
4.9315057
6.852952
7.4915066
-0.08252836
-0.024815409
7.6447706
-0.34315157
6.8768415
