1.9	15	1.2	1.176470588	60	35	39	93	78	160
1.9	13	1.2	6.588235294	50	24	32	94	91	75
1.9	13	1.4	3.058823529	5	25	37	92	93	125
1.9	13	1.4	1.235294118	50	22	46	92	110	135									
1.9	14	1.4	1.041666667	50	18	42	87	95	138
1.9	14	1.166666667	0.785714286	60	23	37	89	97	155
1.9	14	1.166666667	0.928571429	60	22	37	96	89	150
1.9	14	1.166666667	0.928571429	60	23	36	93	103	175
1.9	14	1.166666667	0.678571429	60	23	31	90	98	175																											
1.9	13	0.777777778	5.7	60	38	33	88	146	120
1.9	13	1.285714286	4.45	70	22	30	89	129	118
1.9	13	1.8	1.7	70	19	36	87	129	122
1.9	13	1.8	4.35	60	38	35	84	130	185
1.9	13	2	4.48	60	38	30	81	130	175
1.538461538	16	1.6	1	73	224	31	99	58	189									
1.538461538	14	1.4	1.833333333	55	218	35	99	85	162
1.538461538	14	1.4	1.6	55	227	36	100	100	182
1.538461538	14	1.4	1.7	50	221	34	100	90	164								
1.538461538	13	1.4	1.4	50	209	34	100	78	163									
1.538461538	13	1.4	5.7	46	247	35	100	56	150
1.538461538	11	1.2	1.3	40	234	30	98	91	173
1.538461538	10	1.2	1.4	40	202	34	99	54	158
1.538461538	12	1	1.6	40	205	34	100	103	165
1.538461538	12	1	1.6	40	206	32	100	91	162
1.538461538	12	1	1.611111111	40	202	35	100	66	153
1.538461538	10	1	2	35	206	47	95	60	129
1.538461538	10	0.8	2.8	35	184	45	97	91	192
3.75	13.2	0.3	1	60	364	46	97	42	121
3.75	13.3	0.3	1	60	362	40	100	41	115
3.75	13.2	0.3	1	40	349	41	100	48	108
3.75	9	0.3	1	40	374	44	99	109	109									
3.75	9	0.3	1	35	344	48	97	54	109
3.75	9	0.3	1	40	323	50	99	71	111
3.75	9	0.3	1	37	348	51	99	88	111
3.75	10	0.3	1	35	401	46	98	76	114
3.75	10	0.3	1	35	367	47	98	97	121
3.75	10	0.3	1	35	352	47	99	88	121
3.75	10	0.3	1	35	401	41	98	87	113
3.75	9	0.3	1	35	352	45	97	64	103
3.75	8	0.375	2.3	35	374	38	99	57	101
3.75	8	0.428571429	3.285714286	35	351	43	98	83	129
3.75	7	0.285714286	3.428571429	35	293	44	98	87	100
3.75	7	0.285714286	3.285714286	35	288	47	99	98	104
3.75	7	0.285714286	1.333333333	35	290	52	98	109	136
3.75	8	0.285714286	1.692307692	35	342	48	99	91	101
3.75	8	0.285714286	1.538461538	35	380	42	98	99	136									
3.75	8	0.285714286	1.769230769	35	319	46	96	71	105
3.75	8	0.285714286	1.615384615	35	328	45	99	61	102
3.75	8	0.285714286	1.615384615	35	326	47	99	56	108
3.75	8	0.285714286	1.615384615	35	319	46	98	57	109
3.75	8	0.285714286	1.692307692	35	277	43	99	51	112
3.75	8	0.285714286	1.769230769	35	295	43	98	64	115									
3.75	8	0.285714286	1.538461538	35	307	44	99	59	112
3.75	8	0.285714286	2.2	40	404	35	99	124	154
3.75	8	0.285714286	2.2	40	393	36	99	112	166
3.75	8	0.285714286	1.909090909	35	336	38	98	101	156
3.75	8	0.285714286	2.3	35	332	39	98	94	124
3.75	8	0.285714286	2.6	35	381	39	98	91	138
3.75	8	0.285714286	2.6	35	321	40	98	85	138
3.75	8	0.285714286	2.1	35	313	42	98	61	123									
3.75	8	0.285714286	2.6	35	341	44	99	59	110
3.75	8	0.285714286	2.6	35	288	42	99	58	99									
3.75	8	0.285714286	2.1	35	331	45	98	54	107
3.75	8	0.285714286	2.1	35	327	46	97	100	107
3.75	8	0.285714286	1.8	35	318	49	99	72	110
3.75	8	0.285714286	1.7	35	300	56	99	75	115
3.75	8	0.285714286	1.8	35	323	50	96	71	112
3.75	8	0.285714286	1.9	35	311	52	100	74	111
3.75	8	0.25	1.4	35	372	52	97	69	111
3.75	8	0.222222222	1.7	35	283	50	97	69	120
3.75	8	0.222222222	1.5	35	275	57	96	75	120									
3.4	10	0.3	1.583333333	80	329	27	97	177	56									
3.4	10	0.3	5.7	50	188	17	96	120	39
3.4	10	0.3	5.222222222	50	211	16	96	120	45
3.4	10	0.3	1.666666667	40	107	25	98	100	78
3.4	10	0.3	1.777777778	40	109	28	97	90	81									
3.4	10	0.3	2.777777778	40	174	31	99	88	80
4.3	7	0.5	2.75	30	250	42	97	105	99
4.3	7	0.375	7.5	30	238	39	96	106	101
4.3	7	0.375	7.5	30	214	49	97	102	101
4.3	7	0.375	7.5	30	265	43	95	102	100																		
2.114285714	16	0.857142857	1	35	103	56	98	70	140																
2.114285714	13	0.714285714	1	35	136	58	97	76	180
0.466666667	13	0.857142857	1	34	75	37	99	120	100
0.466666667	12	0.571428571	1	33	57	31	99	120	108
0.466666667	12	0.571428571	1	30	58	41	98	120	110									
0.466666667	10	0.428571429	1.4	30	51	47	95	120	110
1.016666667	20	1.4	3.466666667	60	87	31	92	163	90
1.016666667	16	1.4	3.733333333	45	95	31	92	168	100
1.016666667	18	1.4	3.4	45	51	33	93	174	100
1.016666667	18	1.4	3.533333333	45	95	32	93	174	95
1.016666667	18	2	1	100	70	40	87	170	92